Well	Concentration-ugmL	Species	Replicate1_FinalOD	Replicate2	Replicate3	Blank_Replicate1_FinalOD	FinalOD_NoAntib_R1	RelativeGrowth_R1	Blank_Replicate2_FinalOD	FinalOD_NoAntib_R2	RelativeGrowth_R2	Blank_Replicate3_FinalOD	FinalOD_NoAntib_R3	RelativeGrowth_R3	Antibiotic
A1	100	Ca	0.0938	0.0982	0.0993	0.0098	1.0446875	0.00938079569249177	0.0142	0.8978	0.0158164401871241	0.0153	0.99445	0.0153853889084419	Ampi
A2	50	Ca	0.097	0.0967	0.0956	0.013	1.0446875	0.0124439126533054	0.0127	0.8978	0.0141456894631321	0.0116	0.99445	0.0116647393031324	Ampi
A3	25	Ca	0.2016	0.1766	0.1054	0.1176	1.0446875	0.112569548309901	0.0926	0.8978	0.103141011361105	0.0214	0.99445	0.0215194328523304	Ampi
A4	12.5	Ca	0.3799	0.3008	0.2475	0.2959	1.0446875	0.283242596470236	0.2168	0.8978	0.241479171307641	0.1635	0.99445	0.164412489315702	Ampi
A5	6.25	Ca	0.4494	0.3082	0.4079	0.3654	1.0446875	0.349769667962908	0.2242	0.8978	0.249721541546001	0.3239	0.99445	0.32570767761074	Ampi
A6	3.125	Ca	0.379	0.279	0.3654	0.295	1.0446875	0.282381094825007	0.195	0.8978	0.217197594118957	0.2814	0.99445	0.282970486198401	Ampi
A7	1.5625	Ca	0.2284	0.1655	0.2206	0.1444	1.0446875	0.138223152856716	0.0815	0.8978	0.0907774560035643	0.1366	0.99445	0.137362361104128	Ampi
A8	0.78125	Ca	0.2231	0.1994	0.1491	0.1391	1.0446875	0.133149865390368	0.1154	0.8978	0.128536422365783	0.0651	0.99445	0.0654633214339585	Ampi
A9	0.390625	Ca	0.3004	0.1196	0.2275	0.2164	1.0446875	0.207143284475022	0.0356	0.8978	0.0396524838494097	0.1435	0.99445	0.144300869827543	Ampi
A10	0.1953125	Ca	0.3983	0.1469	0.2513	0.3143	1.0446875	0.300855518994915	0.0629	0.8978	0.0700601470260637	0.1673	0.99445	0.168233697018452	Ampi
A11	0.09765625	Ca	0.4038	0.2713	0.2535	0.3198	1.0446875	0.306120251271313	0.1873	0.8978	0.208621073735799	0.1695	0.99445	0.17044597516215	Ampi
A12	0.048828125	Ca	1.029	0.8244	1.0145	0.945	1.0446875	0.904576727490278	0.7404	0.8978	0.824682557362442	0.9305	0.99445	0.935693096686611	Ampi
B1	100	Ca	0.0924	0.0999	0.0973	0.0084	1.0446875	0.00804068202213581	0.0159	0.8978	0.017709957674315	0.0133	0.99445	0.0133742269596259	Carb
B2	50	Ca	0.1125	0.1045	0.1034	0.0285	1.0446875	0.0272808854322465	0.0205	0.8978	0.0228335932278904	0.0194	0.99445	0.0195082709035145	Carb
B3	25	Ca	0.1052	0.2355	0.1029	0.0212	1.0446875	0.0202931498653904	0.1515	0.8978	0.16874582312319	0.0189	0.99445	0.0190054804163105	Carb
B4	12.5	Ca	0.2315	0.2485	0.2695	0.1475	1.0446875	0.141190547412504	0.1645	0.8978	0.183225662731121	0.1855	0.99445	0.186535270752677	Carb
B5	6.25	Ca	0.199	0.3788	0.3571	0.115	1.0446875	0.11008076577924	0.2948	0.8978	0.328358208955224	0.2731	0.99445	0.274624164110815	Carb
B6	3.125	Ca	0.5208	0.4176	0.38	0.4368	1.0446875	0.418115465151062	0.3336	0.8978	0.371574961015816	0.296	0.99445	0.297651968424757	Carb
B7	1.5625	Ca	1.1232	0.8675	0.5358	1.0392	1.0446875	0.99474723302423	0.7835	0.8978	0.872688794831811	0.4518	0.99445	0.454321484237518	Carb
B8	0.78125	Ca	1.1052	1.1644	1.0632	1.0212	1.0446875	0.977517200119653	1.0804	0.8978	1.20338605480062	0.9792	0.99445	0.984664890140279	Carb
B9	0.390625	Ca	1.0715	0.9133	0.7524	0.9875	1.0446875	0.945258749626084	0.8293	0.8978	0.923702383604366	0.6684	0.99445	0.672130323294283	Carb
B10	0.1953125	Ca	1.1548	0.7896	1.0913	1.0708	1.0446875	1.02499551301226	0.7056	0.8978	0.785921140565828	1.0073	0.99445	1.01292171552114	Carb
B11	0.09765625	Ca	1.1853	0.9887	1.0548	1.1013	1.0446875	1.05419084654502	0.9047	0.8978	1.00768545333036	0.9708	0.99445	0.976218009955252	Carb
B12	0.048828125	Ca	1.0319	0.9354	1.0621	0.9479	1.0446875	0.907352677236016	0.8514	0.8978	0.948318110937848	0.9781	0.99445	0.98355875106843	Carb
C1	100	Ca	0.0934	0.1096	0.1088	0.0094	1.0446875	0.00899790607239007	0.0256	0.8978	0.0285141456894631	0.0248	0.99445	0.0249384081653175	Cipro
C2	50	Ca	0.1191	0.1104	0.1098	0.0351	1.0446875	0.0335985641639246	0.0264	0.8978	0.0294052127422589	0.0258	0.99445	0.0259439891397255	Cipro
C3	25	Ca	0.1094	0.2794	0.1859	0.0254	1.0446875	0.0243134908764583	0.1954	0.8978	0.217643127645355	0.1019	0.99445	0.102468701292172	Cipro
C4	12.5	Ca	0.3217	0.2728	0.2442	0.2377	1.0446875	0.227532156745438	0.1888	0.8978	0.210291824459791	0.1602	0.99445	0.161094072100156	Cipro
C5	6.25	Ca	0.2382	0.3158	0.3012	0.1542	1.0446875	0.147603948549207	0.2318	0.8978	0.258186678547561	0.2172	0.99445	0.21841218764141	Cipro
C6	3.125	Ca	0.1434	0.1435	0.154	0.0594	1.0446875	0.0568591085851032	0.0595	0.8978	0.0662731120516819	0.07	0.99445	0.0703906682085575	Cipro
C7	1.5625	Ca	0.2197	0.1599	0.142	0.1357	1.0446875	0.129895303619503	0.0759	0.8978	0.0845399866339942	0.058	0.99445	0.0583236965156619	Cipro
C8	0.78125	Ca	0.2268	0.224	0.2283	0.1428	1.0446875	0.136691594376309	0.14	0.8978	0.155936734239252	0.1443	0.99445	0.145105334607069	Cipro
C9	0.390625	Ca	0.1735	0.2127	0.2089	0.0895	1.0446875	0.0856715524977565	0.1287	0.8978	0.143350412118512	0.1249	0.99445	0.125597063703555	Cipro
C10	0.1953125	Ca	0.3219	0.2508	0.3375	0.2379	1.0446875	0.227723601555489	0.1668	0.8978	0.185787480507908	0.2535	0.99445	0.254914777012419	Cipro
C11	0.09765625	Ca	0.8813	0.5526	0.3676	0.7973	1.0446875	0.763194735267724	0.4686	0.8978	0.521942526175095	0.2836	0.99445	0.285182764342099	Cipro
C12	0.048828125	Ca	1.1012	0.8591	1.0878	1.0172	1.0446875	0.973688303918636	0.7751	0.8978	0.863332590777456	1.0038	0.99445	1.00940218211071	Cipro
D1	100	Ca	0.0952	0.1017	0.1202	0.0112	1.0446875	0.0107209093628477	0.0177	0.8978	0.0197148585431054	0.0362	0.99445	0.0364020312735683	Chl
D2	50	Ca	0.1031	0.105	0.1053	0.0191	1.0446875	0.0182829793598564	0.021	0.8978	0.0233905101358877	0.0213	0.99445	0.0214188747548896	Chl
D3	25	Ca	0.1043	0.1075	0.1086	0.0203	1.0446875	0.0194316482201615	0.0235	0.8978	0.0261750946758744	0.0246	0.99445	0.0247372919704359	Chl
D4	12.5	Ca	0.1295	0.3101	0.2629	0.0455	1.0446875	0.043553694286569	0.2261	0.8978	0.251837825796391	0.1789	0.99445	0.179898436321585	Chl
D5	6.25	Ca	0.2328	0.1614	0.1787	0.1488	1.0446875	0.142434938677834	0.0774	0.8978	0.0862107373579862	0.0947	0.99445	0.0952285182764342	Chl
D6	3.125	Ca	0.3741	0.4201	0.4329	0.2901	1.0446875	0.277690696978762	0.3361	0.8978	0.374359545555803	0.3489	0.99445	0.350847201970939	Chl
D7	1.5625	Ca	0.8646	0.8997	0.712	0.7806	1.0446875	0.747209093628477	0.8157	0.8978	0.908554243706839	0.628	0.99445	0.631504851928202	Chl
D8	0.78125	Ca	1.2087	1.0829	1.0616	1.1247	1.0446875	1.07658988932097	0.9989	0.8978	1.11260859879706	0.9776	0.99445	0.983055960581226	Chl
D9	0.390625	Ca	1.2224	1.0834	0.7985	1.1384	1.0446875	1.08970385880945	0.9994	0.8978	1.11316551570506	0.7145	0.99445	0.71848760621449	Chl
D10	0.1953125	Ca	1.2527	1.0808	0.8972	1.1687	1.0446875	1.11870774753216	0.9968	0.8978	1.11026954778347	0.8132	0.99445	0.817738448388556	Chl
D11	0.09765625	Ca	1.2701	1.0734	1.199	1.1861	1.0446875	1.13536344600658	0.9894	0.8978	1.10202717754511	1.115	0.99445	1.12122278646488	Chl
D12	0.048828125	Ca	1.1479	1.0269	1.0643	1.0639	1.0446875	1.01839066706551	0.9429	0.8978	1.05023390510136	0.9803	0.99445	0.985771029212127	Chl
E1	100	Ca	0.0909	0.1003	0.0968	0.0069	1.0446875	0.00660484594675441	0.0163	0.8978	0.0181554912007129	0.0128	0.99445	0.0128714364724219	Ery
E2	50	Ca	0.0963	0.108	0.0983	0.0123	1.0446875	0.0117738558181274	0.024	0.8978	0.0267320115838717	0.0143	0.99445	0.0143798079340339	Ery
E3	25	Ca	0.1068	0.1049	0.1042	0.0228	1.0446875	0.0218247083457972	0.0209	0.8978	0.0232791267542883	0.0202	0.99445	0.0203127356830409	Ery
E4	12.5	Ca	0.1152	0.1091	0.1102	0.0312	1.0446875	0.029865390367933	0.0251	0.8978	0.0279572287814658	0.0262	0.99445	0.0263462215294887	Ery
E5	6.25	Ca	0.342	0.2117	0.32	0.258	1.0446875	0.2469638049656	0.1277	0.8978	0.142236578302517	0.236	0.99445	0.23731710996028	Ery
E6	3.125	Ca	0.3233	0.2887	0.4412	0.2393	1.0446875	0.229063715225845	0.2047	0.8978	0.228001782134106	0.3572	0.99445	0.359193524058525	Ery
E7	1.5625	Ca	0.464	0.2949	0.4282	0.38	1.0446875	0.36374513909662	0.2109	0.8978	0.234907551793272	0.3442	0.99445	0.346120971391221	Ery
E8	0.78125	Ca	0.6504	0.5215	0.5412	0.5664	1.0446875	0.542171702064014	0.4375	0.8978	0.487302294497661	0.4572	0.99445	0.459751621499321	Ery
E9	0.390625	Ca	0.7695	0.9399	0.5359	0.6855	1.0446875	0.656177086449297	0.8559	0.8978	0.953330363109824	0.4519	0.99445	0.454422042334959	Ery
E10	0.1953125	Ca	1.0334	0.8215	0.8669	0.9494	1.0446875	0.908788513311397	0.7375	0.8978	0.821452439296057	0.7829	0.99445	0.787269344863995	Ery
E11	0.09765625	Ca	1.0107	0.9598	1.1533	0.9267	1.0446875	0.887059527370625	0.8758	0.8978	0.975495656048118	1.0693	0.99445	1.07526773593444	Ery
E12	0.048828125	Ca	1.1418	1.0486	1.0814	1.0578	1.0446875	1.01255160035896	0.9646	0.8978	1.07440409890844	0.9974	0.99445	1.0029664638745	Ery
F1	25	Ca	0.0941	0.1123	0.1102	0.0101	1.0446875	0.00966796290756805	0.0283	0.8978	0.0315214969926487	0.0262	0.99445	0.0263462215294887	Gent
F2	12.5	Ca	0.1141	0.1164	0.1134	0.0301	1.0446875	0.0288124439126533	0.0324	0.8978	0.0360882156382268	0.0294	0.99445	0.0295640806475941	Gent
F3	6.25	Ca	0.1145	0.1163	0.11	0.0305	1.0446875	0.029195333532755	0.0323	0.8978	0.0359768322566273	0.026	0.99445	0.0261451053346071	Gent
F4	3.125	Ca	0.1121	0.1276	0.1102	0.0281	1.0446875	0.0268979958121448	0.0436	0.8978	0.0485631543773669	0.0262	0.99445	0.0263462215294887	Gent
F5	1.5625	Ca	0.3588	0.3282	0.4098	0.2748	1.0446875	0.263045169009871	0.2442	0.8978	0.271998217865894	0.3258	0.99445	0.327618281462115	Gent
F6	0.78125	Ca	0.4097	0.3971	0.4257	0.3257	1.0446875	0.311767873167813	0.3131	0.8978	0.348741367787926	0.3417	0.99445	0.343607018955201	Gent
F7	0.390625	Ca	0.3729	0.4415	0.3398	0.2889	1.0446875	0.276542028118456	0.3575	0.8978	0.398195589218089	0.2558	0.99445	0.257227613253557	Gent
F8	0.1953125	Ca	0.3911	0.3372	0.4522	0.3071	1.0446875	0.293963505833084	0.2532	0.8978	0.282022722209846	0.3682	0.99445	0.370254914777012	Gent
F9	0.09765625	Ca	0.2925	0.3671	0.37	0.2085	1.0446875	0.199581214478014	0.2831	0.8978	0.315326353308086	0.286	0.99445	0.287596158680678	Gent
F10	0.048828125	Ca	0.3774	0.375	0.3998	0.2934	1.0446875	0.280849536344601	0.291	0.8978	0.324125640454444	0.3158	0.99445	0.317562471718035	Gent
F11	0.0244140625	Ca	0.4669	0.3638	0.3902	0.3829	1.0446875	0.366521088842357	0.2798	0.8978	0.311650701715304	0.3062	0.99445	0.307908894363719	Gent
F12	0.01220703125	Ca	1.1603	1.1412	1.1935	1.0763	1.0446875	1.03026024528866	1.0572	0.8978	1.17754511026955	1.1095	0.99445	1.11569209110564	Gent
G1	25	Ca	0.0954	0.1098	0.1102	0.0114	1.0446875	0.0109123541728986	0.0258	0.8978	0.0287369124526621	0.0262	0.99445	0.0263462215294887	Kan
G2	12.5	Ca	0.1085	0.1108	0.1088	0.0245	1.0446875	0.0234519892312294	0.0268	0.8978	0.0298507462686567	0.0248	0.99445	0.0249384081653175	Kan
G3	6.25	Ca	0.1086	0.1093	0.1077	0.0246	1.0446875	0.0235477116362549	0.0253	0.8978	0.0281799955446647	0.0237	0.99445	0.0238322690934688	Kan
G4	3.125	Ca	0.1089	0.3291	0.1067	0.0249	1.0446875	0.0238348788513311	0.2451	0.8978	0.27300066830029	0.0227	0.99445	0.0228266881190608	Kan
G5	1.5625	Ca	0.279	0.4273	0.1069	0.195	1.0446875	0.186658689799581	0.3433	0.8978	0.382379149030965	0.0229	0.99445	0.0230278043139424	Kan
G6	0.78125	Ca	0.3734	0.3418	0.4296	0.2894	1.0446875	0.277020640143584	0.2578	0.8978	0.287146357763422	0.3456	0.99445	0.347528784755392	Kan
G7	0.390625	Ca	0.3036	0.4242	0.4582	0.2196	1.0446875	0.210206401435836	0.3402	0.8978	0.378926264201381	0.3742	0.99445	0.37628840062346	Kan
G8	0.1953125	Ca	0.4188	0.3159	0.4943	0.3348	1.0446875	0.320478612025127	0.2319	0.8978	0.25829806192916	0.4103	0.99445	0.412589873799588	Kan
G9	0.09765625	Ca	0.3954	0.3553	0.4244	0.3114	1.0446875	0.298079569249177	0.2713	0.8978	0.30218311427935	0.3404	0.99445	0.342299763688471	Kan
G10	0.048828125	Ca	0.4963	0.3686	0.3963	0.4123	1.0446875	0.394663475919832	0.2846	0.8978	0.316997104032078	0.3123	0.99445	0.314042938307607	Kan
G11	0.0244140625	Ca	0.5662	0.376	0.3777	0.4822	1.0446875	0.461573437032605	0.292	0.8978	0.325239474270439	0.2937	0.99445	0.295339132183619	Kan
G12	0.01220703125	Ca	1.2151	0.9333	1.0515	1.1311	1.0446875	1.0827161232426	0.8493	0.8978	0.945979059924259	0.9675	0.99445	0.972899592739705	Kan
H1	100	Ca	0.1131	0.1188	0.1214	0.0291	1.0446875	0.027855219862399	0.0348	0.8978	0.0387614167966139	0.0374	0.99445	0.0376087284428579	Tetra
H2	50	Ca	0.112	0.1072	0.1099	0.028	1.0446875	0.0268022734071194	0.0232	0.8978	0.025840944531076	0.0259	0.99445	0.0260445472371663	Tetra
H3	25	Ca	0.1222	0.1123	0.1078	0.0382	1.0446875	0.0365659587197128	0.0283	0.8978	0.0315214969926487	0.0238	0.99445	0.0239328271909095	Tetra
H4	12.5	Ca	0.0988	0.112	0.1043	0.0148	1.0446875	0.0141669159437631	0.028	0.8978	0.0311873468478503	0.0203	0.99445	0.0204132937804817	Tetra
H5	6.25	Ca	0.1062	0.1101	0.1085	0.0222	1.0446875	0.0212503739156446	0.0261	0.8978	0.0290710625974605	0.0245	0.99445	0.0246367338729951	Tetra
H6	3.125	Ca	0.149	0.1671	0.1374	0.065	1.0446875	0.0622195632665271	0.0831	0.8978	0.0925595901091557	0.0534	0.99445	0.0536980240333853	Tetra
H7	1.5625	Ca	0.2709	0.1927	0.1967	0.1869	1.0446875	0.178905174992522	0.1087	0.8978	0.121073735798619	0.1127	0.99445	0.113328975815778	Tetra
H8	0.78125	Ca	0.2638	0.2923	0.215	0.1798	1.0446875	0.172108884235716	0.2083	0.8978	0.232011583871686	0.131	0.99445	0.131731107647443	Tetra
H9	0.390625	Ca	0.5117	0.3524	0.2851	0.4277	1.0446875	0.409404726293748	0.2684	0.8978	0.298952996212965	0.2011	0.99445	0.202222333953442	Tetra
H10	0.1953125	Ca	0.7484	0.6195	0.7157	0.6644	1.0446875	0.635979658988932	0.5355	0.8978	0.596458008465137	0.6317	0.99445	0.635225501533511	Tetra
H11	0.09765625	Ca	1.095	1.015	0.8712	1.011	1.0446875	0.96775351480706	0.931	0.8978	1.03697928269102	0.7872	0.99445	0.791593343053949	Tetra
H12	0.048828125	Ca	1.2023	1.0855	1.0725	1.1183	1.0446875	1.07046365539934	1.0015	0.8978	1.11550456671865	0.9885	0.99445	0.994016793202273	Tetra
A1	100	Lp	0.0921	0.0965	0.0994	0.0081	0.1106	0.0732368896925859	0.0125	0.1107625	0.11285407967498	0.0154	0.106625	0.14443141852286	Ampi
A2	50	Lp	0.0931	0.0945	0.09	0.0091	0.1106	0.0822784810126582	0.0105	0.1107625	0.0947974269269834	0.006	0.106625	0.0562719812426729	Ampi
A3	25	Lp	0.0946	0.0952	0.0917	0.0106	0.1106	0.0958408679927667	0.0112	0.1107625	0.101117255388782	0.0077	0.106625	0.0722157092614302	Ampi
A4	12.5	Lp	0.0953	0.0963	0.0943	0.0113	0.1106	0.102169981916817	0.0123	0.1107625	0.111048414400181	0.0103	0.106625	0.0966002344665885	Ampi
A5	6.25	Lp	0.0952	0.0965	0.0953	0.0112	0.1106	0.10126582278481	0.0125	0.1107625	0.11285407967498	0.0113	0.106625	0.105978898007034	Ampi
A6	3.125	Lp	0.098	0.1002	0.0953	0.014	0.1106	0.126582278481013	0.0162	0.1107625	0.146258887258774	0.0113	0.106625	0.105978898007034	Ampi
A7	1.5625	Lp	0.106	0.1124	0.105	0.022	0.1106	0.198915009041591	0.0284	0.1107625	0.256404469021555	0.021	0.106625	0.196951934349355	Ampi
A8	0.78125	Lp	0.1289	0.1375	0.1207	0.0449	0.1106	0.405967450271248	0.0535	0.1107625	0.483015461008915	0.0367	0.106625	0.344196951934349	Ampi
A9	0.390625	Lp	0.1518	0.1544	0.1384	0.0678	0.1106	0.613019891500904	0.0704	0.1107625	0.635594176729489	0.0544	0.106625	0.510199296600234	Ampi
A10	0.1953125	Lp	0.1753	0.1733	0.1603	0.0913	0.1106	0.825497287522604	0.0893	0.1107625	0.806229545198059	0.0763	0.106625	0.715592028135991	Ampi
A11	0.09765625	Lp	0.1861	0.1767	0.1819	0.1021	0.1106	0.923146473779385	0.0927	0.1107625	0.836925854869654	0.0979	0.106625	0.918171160609613	Ampi
A12	0.048828125	Lp	0.19	0.1969	0.1896	0.106	0.1106	0.958408679927667	0.1129	0.1107625	1.01929804762442	0.1056	0.106625	0.990386869871043	Ampi
B1	100	Lp	0.1192	0.1354	0.1189	0.0352	0.1106	0.318264014466546	0.0514	0.1107625	0.464055975623519	0.0349	0.106625	0.327315357561547	Carb
B2	50	Lp	0.1435	0.1514	0.1334	0.0595	0.1106	0.537974683544304	0.0674	0.1107625	0.608509197607494	0.0494	0.106625	0.463305978898007	Carb
B3	25	Lp	0.166	0.1613	0.1511	0.082	0.1106	0.741410488245931	0.0773	0.1107625	0.697889628710078	0.0671	0.106625	0.629308323563892	Carb
B4	12.5	Lp	0.1712	0.1674	0.1602	0.0872	0.1106	0.788426763110307	0.0834	0.1107625	0.752962419591468	0.0762	0.106625	0.714654161781946	Carb
B5	6.25	Lp	0.1698	0.168	0.1679	0.0858	0.1106	0.775768535262206	0.084	0.1107625	0.758379415415867	0.0839	0.106625	0.786869871043376	Carb
B6	3.125	Lp	0.1632	0.1646	0.1694	0.0792	0.1106	0.716094032549729	0.0806	0.1107625	0.727683105744273	0.0854	0.106625	0.800937866354045	Carb
B7	1.5625	Lp	0.161	0.1656	0.1728	0.077	0.1106	0.69620253164557	0.0816	0.1107625	0.736711432118271	0.0888	0.106625	0.832825322391559	Carb
B8	0.78125	Lp	0.1608	0.1743	0.1777	0.0768	0.1106	0.694394213381555	0.0903	0.1107625	0.815257871572057	0.0937	0.106625	0.878780773739742	Carb
B9	0.390625	Lp	0.1664	0.1744	0.176	0.0824	0.1106	0.74502712477396	0.0904	0.1107625	0.816160704209457	0.092	0.106625	0.862837045720985	Carb
B10	0.1953125	Lp	0.175	0.178	0.1775	0.091	0.1106	0.822784810126582	0.094	0.1107625	0.848662679155851	0.0935	0.106625	0.876905041031653	Carb
B11	0.09765625	Lp	0.1769	0.1781	0.1798	0.0929	0.1106	0.83996383363472	0.0941	0.1107625	0.849565511793251	0.0958	0.106625	0.898475967174678	Carb
B12	0.048828125	Lp	0.1847	0.185	0.186	0.1007	0.1106	0.910488245931284	0.101	0.1107625	0.91186096377384	0.102	0.106625	0.95662368112544	Carb
C1	100	Lp	0.1079	0.1155	0.1072	0.0239	0.1106	0.216094032549729	0.0315	0.1107625	0.28439228078095	0.0232	0.106625	0.217584994138335	Cipro
C2	50	Lp	0.1942	0.1757	0.1431	0.1102	0.1106	0.996383363471971	0.0917	0.1107625	0.827897528495655	0.0591	0.106625	0.554279015240328	Cipro
C3	25	Lp	0.1761	0.1912	0.1678	0.0921	0.1106	0.832730560578662	0.1072	0.1107625	0.967836587292631	0.0838	0.106625	0.785932004689332	Cipro
C4	12.5	Lp	0.1894	0.1889	0.1869	0.1054	0.1106	0.952983725135624	0.1049	0.1107625	0.947071436632434	0.1029	0.106625	0.965064478311841	Cipro
C5	6.25	Lp	0.192	0.196	0.1943	0.108	0.1106	0.976491862567812	0.112	0.1107625	1.01117255388782	0.1103	0.106625	1.03446658851114	Cipro
C6	3.125	Lp	0.191	0.195	0.1912	0.107	0.1106	0.96745027124774	0.111	0.1107625	1.00214422751382	0.1072	0.106625	1.00539273153576	Cipro
C7	1.5625	Lp	0.1883	0.1887	0.1876	0.1043	0.1106	0.943037974683544	0.1047	0.1107625	0.945265771357635	0.1036	0.106625	0.971629542790152	Cipro
C8	0.78125	Lp	0.1849	0.1869	0.1894	0.1009	0.1106	0.912296564195298	0.1029	0.1107625	0.929014783884437	0.1054	0.106625	0.988511137162954	Cipro
C9	0.390625	Lp	0.1806	0.1842	0.189	0.0966	0.1106	0.873417721518987	0.1002	0.1107625	0.904638302674642	0.105	0.106625	0.984759671746776	Cipro
C10	0.1953125	Lp	0.1766	0.1834	0.1864	0.0926	0.1106	0.837251356238698	0.0994	0.1107625	0.897415641575443	0.1024	0.106625	0.960375146541618	Cipro
C11	0.09765625	Lp	0.1769	0.181	0.1844	0.0929	0.1106	0.83996383363472	0.097	0.1107625	0.875747658277847	0.1004	0.106625	0.941617819460727	Cipro
C12	0.048828125	Lp	0.1941	0.1953	0.1839	0.1101	0.1106	0.995479204339964	0.1113	0.1107625	1.00485272542602	0.0999	0.106625	0.936928487690504	Cipro
D1	100	Lp	0.0917	0.098	0.0962	0.0077	0.1106	0.069620253164557	0.014	0.1107625	0.126396569235978	0.0122	0.106625	0.114419695193435	Chl
D2	50	Lp	0.1016	0.101	0.0966	0.0176	0.1106	0.159132007233273	0.017	0.1107625	0.153481548357973	0.0126	0.106625	0.118171160609613	Chl
D3	25	Lp	0.1044	0.1022	0.1002	0.0204	0.1106	0.184448462929476	0.0182	0.1107625	0.164315540006771	0.0162	0.106625	0.151934349355217	Chl
D4	12.5	Lp	0.1125	0.1042	0.1031	0.0285	0.1106	0.257685352622061	0.0202	0.1107625	0.182372192754768	0.0191	0.106625	0.179132473622509	Chl
D5	6.25	Lp	0.1436	0.1275	0.1269	0.0596	0.1106	0.538878842676311	0.0435	0.1107625	0.392732197268931	0.0429	0.106625	0.402344665885111	Chl
D6	3.125	Lp	0.1782	0.1454	0.1464	0.0942	0.1106	0.851717902350814	0.0614	0.1107625	0.554339239363503	0.0624	0.106625	0.585228604923798	Chl
D7	1.5625	Lp	0.1955	0.1862	0.1912	0.1115	0.1106	1.00813743218807	0.1022	0.1107625	0.922694955422639	0.1072	0.106625	1.00539273153576	Chl
D8	0.78125	Lp	0.1789	0.1826	0.1828	0.0949	0.1106	0.858047016274864	0.0986	0.1107625	0.890192980476244	0.0988	0.106625	0.926611957796014	Chl
D9	0.390625	Lp	0.1838	0.1868	0.1909	0.0998	0.1106	0.902350813743219	0.1028	0.1107625	0.928111951247038	0.1069	0.106625	1.00257913247362	Chl
D10	0.1953125	Lp	0.1826	0.1872	0.1957	0.0986	0.1106	0.891500904159132	0.1032	0.1107625	0.931723281796637	0.1117	0.106625	1.04759671746776	Chl
D11	0.09765625	Lp	0.1867	0.1852	0.1934	0.1027	0.1106	0.928571428571429	0.1012	0.1107625	0.91366662904864	0.1094	0.106625	1.02602579132474	Chl
D12	0.048828125	Lp	0.1889	0.1878	0.1862	0.1049	0.1106	0.948462929475588	0.1038	0.1107625	0.937140277621036	0.1022	0.106625	0.958499413833529	Chl
E1	100	Lp	0.0938	0.0972	0.0936	0.0098	0.1106	0.0886075949367089	0.0132	0.1107625	0.119173908136779	0.0096	0.106625	0.0900351699882767	Ery
E2	50	Lp	0.0969	0.0988	0.0947	0.0129	0.1106	0.116636528028933	0.0148	0.1107625	0.133619230335177	0.0107	0.106625	0.100351699882767	Ery
E3	25	Lp	0.0972	0.0984	0.0979	0.0132	0.1106	0.119349005424955	0.0144	0.1107625	0.130007899785577	0.0139	0.106625	0.130363423212192	Ery
E4	12.5	Lp	0.1005	0.0994	0.0954	0.0165	0.1106	0.149186256781193	0.0154	0.1107625	0.139036226159576	0.0114	0.106625	0.106916764361079	Ery
E5	6.25	Lp	0.0984	0.1015	0.0966	0.0144	0.1106	0.130198915009042	0.0175	0.1107625	0.157995711544972	0.0126	0.106625	0.118171160609613	Ery
E6	3.125	Lp	0.1018	0.102	0.0972	0.0178	0.1106	0.160940325497288	0.018	0.1107625	0.162509874731972	0.0132	0.106625	0.12379835873388	Ery
E7	1.5625	Lp	0.103	0.1034	0.0984	0.019	0.1106	0.171790235081374	0.0194	0.1107625	0.175149531655569	0.0144	0.106625	0.135052754982415	Ery
E8	0.78125	Lp	0.1136	0.1052	0.1075	0.0296	0.1106	0.267631103074141	0.0212	0.1107625	0.191400519128767	0.0235	0.106625	0.220398593200469	Ery
E9	0.390625	Lp	0.1791	0.1568	0.1607	0.0951	0.1106	0.859855334538879	0.0728	0.1107625	0.657262160027085	0.0767	0.106625	0.719343493552169	Ery
E10	0.1953125	Lp	0.1945	0.1687	0.1799	0.1105	0.1106	0.999095840867993	0.0847	0.1107625	0.764699243877666	0.0959	0.106625	0.899413833528722	Ery
E11	0.09765625	Lp	0.2061	0.1919	0.1873	0.1221	0.1106	1.10397830018083	0.1079	0.1107625	0.97415641575443	0.1033	0.106625	0.968815943728019	Ery
E12	0.048828125	Lp	0.1947	0.1878	0.1927	0.1107	0.1106	1.00090415913201	0.1038	0.1107625	0.937140277621036	0.1087	0.106625	1.01946072684642	Ery
F1	25	Lp	0.091	0.0985	0.0947	0.007	0.1106	0.0632911392405063	0.0145	0.1107625	0.130910732422977	0.0107	0.106625	0.100351699882767	Gent
F2	12.5	Lp	0.0987	0.0987	0.0964	0.0147	0.1106	0.132911392405063	0.0147	0.1107625	0.132716397697777	0.0124	0.106625	0.116295427901524	Gent
F3	6.25	Lp	0.098	0.101	0.0955	0.014	0.1106	0.126582278481013	0.017	0.1107625	0.153481548357973	0.0115	0.106625	0.107854630715123	Gent
F4	3.125	Lp	0.0983	0.1003	0.096	0.0143	0.1106	0.129294755877034	0.0163	0.1107625	0.147161719896174	0.012	0.106625	0.112543962485346	Gent
F5	1.5625	Lp	0.0998	0.1025	0.0951	0.0158	0.1106	0.142857142857143	0.0185	0.1107625	0.167024037918971	0.0111	0.106625	0.104103165298945	Gent
F6	0.78125	Lp	0.107	0.0962	0.0989	0.023	0.1106	0.207956600361664	0.0122	0.1107625	0.110145581762781	0.0149	0.106625	0.139742086752638	Gent
F7	0.390625	Lp	0.1058	0.0988	0.1034	0.0218	0.1106	0.197106690777577	0.0148	0.1107625	0.133619230335177	0.0194	0.106625	0.181946072684642	Gent
F8	0.1953125	Lp	0.1071	0.099	0.107	0.0231	0.1106	0.208860759493671	0.015	0.1107625	0.135424895609976	0.023	0.106625	0.215709261430246	Gent
F9	0.09765625	Lp	0.1167	0.1065	0.1363	0.0327	0.1106	0.295660036166365	0.0225	0.1107625	0.203137343414964	0.0523	0.106625	0.490504103165299	Gent
F10	0.048828125	Lp	0.1854	0.132	0.2215	0.1014	0.1106	0.916817359855335	0.048	0.1107625	0.433359665951924	0.1375	0.106625	1.28956623681125	Gent
F11	0.0244140625	Lp	0.2185	0.2188	0.2151	0.1345	0.1106	1.21609403254973	0.1348	0.1107625	1.21701839521499	0.1311	0.106625	1.2295427901524	Gent
F12	0.01220703125	Lp	0.1972	0.1935	0.1897	0.1132	0.1106	1.02350813743219	0.1095	0.1107625	0.988601737952827	0.1057	0.106625	0.991324736225088	Gent
G1	25	Lp	0.0933	0.1004	0.0975	0.0093	0.1106	0.0840867992766727	0.0164	0.1107625	0.148064552533574	0.0135	0.106625	0.126611957796014	Kan
G2	12.5	Lp	0.1006	0.1026	0.0983	0.0166	0.1106	0.150090415913201	0.0186	0.1107625	0.167926870556371	0.0143	0.106625	0.13411488862837	Kan
G3	6.25	Lp	0.1053	0.1029	0.1006	0.0213	0.1106	0.192585895117541	0.0189	0.1107625	0.17063536846857	0.0166	0.106625	0.155685814771395	Kan
G4	3.125	Lp	0.1047	0.1054	0.0966	0.0207	0.1106	0.187160940325497	0.0214	0.1107625	0.193206184403566	0.0126	0.106625	0.118171160609613	Kan
G5	1.5625	Lp	0.1107	0.1027	0.101	0.0267	0.1106	0.241410488245931	0.0187	0.1107625	0.16882970319377	0.017	0.106625	0.159437280187573	Kan
G6	0.78125	Lp	0.1184	0.107	0.1068	0.0344	0.1106	0.311030741410488	0.023	0.1107625	0.207651506601964	0.0228	0.106625	0.213833528722157	Kan
G7	0.390625	Lp	0.1278	0.1135	0.1369	0.0438	0.1106	0.396021699819168	0.0295	0.1107625	0.266335628032953	0.0529	0.106625	0.496131301289566	Kan
G8	0.1953125	Lp	0.1981	0.1632	0.215	0.1141	0.1106	1.03164556962025	0.0792	0.1107625	0.715043448820675	0.131	0.106625	1.22860492379836	Kan
G9	0.09765625	Lp	0.2399	0.2381	0.235	0.1559	0.1106	1.40958408679928	0.1541	0.1107625	1.39126509423316	0.151	0.106625	1.41617819460727	Kan
G10	0.048828125	Lp	0.2111	0.2243	0.2208	0.1271	0.1106	1.14918625678119	0.1403	0.1107625	1.26667419027198	0.1368	0.106625	1.28300117233294	Kan
G11	0.0244140625	Lp	0.1986	0.2016	0.2053	0.1146	0.1106	1.03616636528029	0.1176	0.1107625	1.06173118158221	0.1213	0.106625	1.13763188745604	Kan
G12	0.01220703125	Lp	0.2058	0.1955	0.2027	0.1218	0.1106	1.10126582278481	0.1115	0.1107625	1.00665839070082	0.1187	0.106625	1.11324736225088	Kan
H1	100	Lp	0.1102	0.1078	0.1074	0.0262	0.1106	0.236889692585895	0.0238	0.1107625	0.214874167701162	0.0234	0.106625	0.219460726846424	Tetra
H2	50	Lp	0.1213	0.1202	0.1158	0.0373	0.1106	0.337251356238698	0.0362	0.1107625	0.326825414738743	0.0318	0.106625	0.298241500586166	Tetra
H3	25	Lp	0.1913	0.1383	0.1344	0.1073	0.1106	0.970162748643761	0.0543	0.1107625	0.490238122108114	0.0504	0.106625	0.472684642438453	Tetra
H4	12.5	Lp	0.2769	0.1762	0.1727	0.1929	0.1106	1.74412296564195	0.0922	0.1107625	0.832411691682654	0.0887	0.106625	0.831887456037515	Tetra
H5	6.25	Lp	0.2506	0.2082	0.2022	0.1666	0.1106	1.50632911392405	0.1242	0.1107625	1.1213181356506	0.1182	0.106625	1.10855803048066	Tetra
H6	3.125	Lp	0.2717	0.2531	0.2525	0.1877	0.1106	1.69710669077758	0.1691	0.1107625	1.52668998984313	0.1685	0.106625	1.58030480656506	Tetra
H7	1.5625	Lp	0.2554	0.2494	0.2385	0.1714	0.1106	1.5497287522604	0.1654	0.1107625	1.49328518225934	0.1545	0.106625	1.44900351699883	Tetra
H8	0.78125	Lp	0.2337	0.241	0.2359	0.1497	0.1106	1.35352622061483	0.157	0.1107625	1.41744724071775	0.1519	0.106625	1.42461899179367	Tetra
H9	0.390625	Lp	0.2163	0.2291	0.217	0.1323	0.1106	1.19620253164557	0.1451	0.1107625	1.31001015686717	0.133	0.106625	1.24736225087925	Tetra
H10	0.1953125	Lp	0.2108	0.2251	0.2077	0.1268	0.1106	1.14647377938517	0.1411	0.1107625	1.27389685137118	0.1237	0.106625	1.16014067995311	Tetra
H11	0.09765625	Lp	0.2029	0.2199	0.1991	0.1189	0.1106	1.0750452079566	0.1359	0.1107625	1.22694955422639	0.1151	0.106625	1.07948417350528	Tetra
H12	0.048828125	Lp	0.2014	0.2163	0.1942	0.1174	0.1106	1.06148282097649	0.1323	0.1107625	1.19444757927999	0.1102	0.106625	1.03352872215709	Tetra
